D,100,440,16,25
D,100,290,16,25
D,100,340,16,25
D,100,390,16,25
D,100,440,16,25
D,100,490,16,25
D,100,540,16,25
D,100,590,16,25
D,100,640,16,25
D,100,690,16,25
D,100,740,16,25
D,100,790,16,25
D,100,840,16,25
D,100,890,16,25
D,200,380,16,25
D,200,410,16,25
D,200,440,16,25
D,200,470,16,25
D,200,500,16,25
D,200,530,16,25
D,200,560,16,25
D,200,590,16,25
D,200,620,16,25
D,200,650,16,25
D,200,680,16,25
D,200,710,16,25
D,200,740,16,25
D,200,770,16,25
D,900,290,12,25
D,900,650,12,25
D,600,470,12,25
D,900,470,16,25
D,1180,470,12,25
B,500,350,40,120,30
B,500,229,40,120,30
B,500,471,40,120,30
B,500,592,40,120,30
B,1280,471,40,120,30
B,1280,592,40,120,30
B,1280,229,40,120,30
B,1280,350,40,120,30
B,550,720,120,40,30
B,671,720,120,40,30
B,792,720,120,40,30
B,913,720,120,40,30
B,1034,720,120,40,30
B,1155,720,120,40,30
B,200,50,120,40,30
B,400,50,120,40,30
B,1400,50,120,40,30
B,1600,50,120,40,30
K,500,880,16,280
K,520,900,16,280
K,540,920,16,280
K,560,940,16,280
K,1600,500,16,280
K,1700,500,16,280
K,1800,500,16,280
K,1600,400,16,280
K,1700,400,16,280
K,1800,400,16,280
K,560,940,16,280
W,1800,900,60,90
W,1700,900,60,90
W,1600,900,60,90
W,1800,800,60,90
W,1800,700,60,90
W,1800,600,60,90
W,1700,800,60,90
W,1700,700,60,90
W,1700,600,60,90
W,1600,800,60,90
W,1600,700,60,90
W,1600,600,60,90